1024
937
731
642
543
523
493
451
445
405
400
386
389
375
353
374
322
343
359
319
333
313
342
302
323
304
316
286
306
310
260
287
282
294
287
288
259
278
284
290
289
292
286
254
240
272
244
239
266
255
248
272
258
260
247
254
233
251
271
251
246
246
223
232
268
247
227
246
221
251
243
261
229
255
245
235
237
236
248
217
233
220
242
229
235
224
226
235
239
218
238
229
225
213
244
196
197
248
235
225
223
225
227
209
239
198
206
209
241
229
231
203
204
245
230
194
220
232
196
210
207
209
180
203
207
217
201
226
189
205
206
194
199
211
195
207
204
204
192
197
223
207
192
204
219
194
205
210
218
220
175
186
207
201
209
205
192
191
213
227
184
184
197
201
200
198
195
202
191
200
186
211
197
194
198
194
212
201
202
215
203
190
165
197
197
212
179
194
183
186
179
189
212
189
189
207
204
194
220
182
195
176
189
199
185
188
192
223
199
181
183
192
185
180
169
192
184
190
187
195
181
193
200
197
184
190
188
181
197
187
181
178
175
179
211
175
168
200
179
167
182
201
180
178
187
175
175
182
169
185
171
189
179
199
185
173
175
182
180
165
181
184
180
169
165
165
180
168
166
173
194
170
165
170
203
191
196
182
152
208
175
175
175
179
170
180
185
159
169
184
186
181
163
172
166
181
172
149
174
165
194
216
183
185
170
170
172
179
181
190
176
180
184
170
191
175
179
180
185
176
177
183
176
144
178
165
182
188
166
187
175
190
160
174
203
198
189
184
161
159
166
188
173
184
175
185
153
178
196
168
198
201
182
172
155
180
177
192
179
172
176
163
169
180
175
181
163
171
177
191
166
180
186
166
178
173
182
167
180
190
168
187
171
161
191
165
180
151
163
172
178
170
171
173
153
187
160
187
177
181
186
180
179
168
176
175
176
166
176
156
158
165
169
155
175
164
156
140
168
148
168
174
166
170
162
168
154
167
189
183
150
190
166
167
166
189
148
166
151
171
166
172
152
157
175
165
174
167
172
173
161
180
170
147
169
185
188
179
168
178
154
153
143
180
168
163
172
157
170
180
173
180
170
163
170
143
167
164
151
184
162
175
175
161
180
184
176
198
162
178
186
156
171
159
156
165
178
182
158
171
158
165
132
156
154
156
156
157
156
171
140
166
183
160
149
151
166
170
171
168
161
164
173
175
156
170
160
177
159
157
155
167
149
160
167
153
177
157
175
160
153
143
154
149
164
157
157
154
170
170
144
149
164
152
173
154
165
159
158
171
149
159
159
142
165
167
147
179
157
153
179
168
170
171
151
182
154
142
169
160
175
174
155
166
171
156
161
165
164
151
183
165
152
142
132
166
164
145
156
180
166
159
175
161
160
164
171
164
159
169
156
170
156
158
172
158
147
144
137
134
170
145
150
152
181
150
157
160
152
161
150
181
181
149
145
166
146
179
146
170
144
160
149
141
154
160
148
166
163
151
160
156
165
152
151
159
158
180
176
165
139
153
145
154
169
149
151
160
180
169
152
164
172
148
145
155
158
145
157
141
170
153
167
152
159
145
152
169
157
149
170
151
164
159
157
154
160
143
141
162
165
163
169
143
153
159
156
155
162
169
139
162
142
176
140
164
144
145
150
171
154
145
160
146
151
152
159
187
157
146
156
162
162
144
193
155
160
140
162
136
158
157
127
148
157
166
156
150
151
179
141
170
134
141
149
153
159
148
166
141
159
166
145
150
156
161
156
146
153
169
165
183
163
161
163
151
159
160
158
181
158
150
143
141
157
166
149
144
167
160
125
160
160
147
149
142
157
152
149
169
175
166
149
172
148
152
151
154
135
142
123
152
148
141
136
144
146
155
136
146
151
139
150
179
152
134
140
165
153
140
164
168
187
160
160
148
136
134
131
157
161
136
151
137
144
150
167
154
147
165
152
160
148
151
142
153
161
134
141
154
166
150
164
145
163
141
140
143
156
157
163
147
151
154
162
146
138
157
158
162
132
137
159
151
152
157
126
140
152
152
155
133
162
161
154
137
171
141
168
151
142
137
146
168
149
167
172
165
153
156
161
153
176
149
156
144
180
141
150
139
145
156
141
135
148
151
142
152
140
168
152
146
138
159
156
144
143
152
146
138
157
151
170
139
142
141
168
141
143
161
147
139
175
155
167
119
143
147
125
162
153
143
146
147
156
133
138
163
154
147
160
141
139
149
144
138
143
158
167
165
161
143
155
155
136
145
153
138
156
143
142
141
135
137
139
154
141
140
157
152
140
130
143
154
142
141
158
161
172
164
156
165
166
154
153
159
142
149
187
137
147
158
150
148
